-1.26890691026
7.15186738947
-1.82030989748
2.72170734846
5.37823454345
-4.63389760306
-7.7556292043
1.71928437839
-0.131482264691
6.12632892701
-6.26285315849
-1.71960965209
6.66679465236
5.0365245225
-3.47018262689
3.55747809938
-2.77927322244
-3.6797559904
0.638750795545
-9.71556574078
-1.05749388606
6.02033367907
-6.51274162916
-1.27437278194
-3.01308187926
9.77340648554
-2.22084136348
-4.7625493149
-5.83195296619
-1.16707787694
7.06406123683
-3.04814911155
0.489395543851
-5.87854300266
-0.695609336951
-2.24574520769
-5.71010215709
-4.52563526354
2.89007069964
-4.85036085947
-4.43807042237
-0.467802309528
-3.45032017362
-0.146502967276
-3.63255981885
-7.80877456182
6.45187803324
0.833553436212
-2.73531269105
-6.78083979393
0.541984695794
4.45458327849
5.50691183281
-3.29233912211
